rows
22,2
27,1,3
1,4,1,2,1
2,1,1,2,2
2,3,2,2
2,5,2
2,7,2
2,2,6,2
2,1,5,2,2
2,11,2
2,1,10,2
2,7,5,2
2,1,6,2,2
2,2,9,2
2,4,8,2
2,6,10,2
1,3,3,14,2
1,2,4,17,2,2
1,4,17,6,2
1,1,3,12,5,6,1
2,4,13,4,2,2,1
2,1,2,13,3,2
2,1,1,6,5,3,2
2,3,6,3,2,1
2,3,5,1,2,2
2,1,4,2,2,2
2,2,3,2,2
2,3,2,2,2
2,2,3,2,2
2,2,2,2,2
2,2,2,2
2,2,3,2
1,4,2,2,4,1
8,2,3,16
3,16
columns
21
15,14
1,4,4,4,1
2,4,2,2,2
2,3,3,3,2
2,3,5,2,2
2,5,5,2
2,4,2
2,9,2,2
2,8,5,1
2,11,4
2,11,2
2,10,1,1
2,9,4,2
2,6,6,2
2,8,2,2,2
2,3,10,2,1
2,3,11,2,1
2,3,12,2
2,2,14,2
2,1,11,2,2
2,17,2
2,17,2
2,8,9,2
2,7,9,2,2
2,4,4,3,4,4,2
2,2,6,2,7,2
2,1,4,3,4,2
1,1,2,3,2
1,3,2
1,1,3,2
3,3,2
1,3,4,4,1
18,2,10
15,5